
strategic_region={
	id=101
	name="STRATEGICREGION_101"
	provinces={
		158 495 583 919 1080 1111 1409 1416 1542 1773 1959 2143 2322 2930 2955 2971 3163 3310 3451 3611 3625 3636 3640 3647 4374 4724 6944 6946 14082 14083 14084 14085 14086 14087 14088 14089 14113 14114 14115 14116 14117 14118 14119 14120 14121 14122 14123 14124 14125 14126 14127 14128 14129 14130 14131 14132 14133 14134 14135 14136 14137 14138 14139 14140 14141 14142 14143 14144 14145 14146 14147 14148 14149 14150 14151 14152 14153 14154 14155 14156 14157 14158 14159 14160 14161 14162 14163 14164 14165 14166 14167 14168 14169 14170 14171 14172 14173 14174 14175 14176 14177 14178 14179 14180 14181 14182 14183 14184 14185 14186 14187 14188 14189 14190 14191 14192 14193 14194 14195 14196 14197 14198 14199 14200 14201 14202 14930 14931 14932 14933 14934 14935 14936 14937 14939 14940 14941 14942 14943 14944 14945 14946 14947 14948 14949 15265 15276 15277 15278 15279 15280 15281 15282 15283 15284 15285 15286 15287 15288 15289 15290 15291 15292 15293 15294 15295 15296 15297 15298 15299 15301 15302 
	}
	weather={
	}
}
