
strategic_region={
	id=108
	name="STRATEGICREGION_108"
	provinces={
		1 18 25 34 55 56 63 101 104 109 111 135 155 159 165 168 187 188 193 208 211 266 271 272 286 297 298 299 310 314 322 328 330 332 342 347 364 368 386 412 421 449 450 457 474 479 483 485 498 508 515 533 540 550 558 559 572 575 578 600 605 639 645 677 695 697 701 719 733 741 754 786 823 828 833 834 841 861 863 872 905 909 925 926 953 960 990 1018 1032 1037 1043 1045 1049 1050 1110 1112 1150 1153 1163 1193 1208 1225 1239 1242 1253 1266 1270 1300 1310 1322 1330 1344 1346 1360 1371 1387 1391 1400 1404 1419 1421 1424 1430 1438 1450 1454 1478 1492 1507 1511 1563 1573 1586 1602 1645 1670 1691 1708 1719 1721 1742 1769 1800 1846 1853 1913 1932 1940 1942 1951 1952 1977 2019 2056 2146 2151 2156 2181 2215 2250 2265 2270 2275 2311 2320 2334 2388 2417 2419 2468 2510 2565 2588 2594 2621 2626 2628 2638 2646 2732 2885 2949 2984 3066 3127 3136 3139 3153 3172 3303 3313 3333 3414 3428 3433 3498 3510 3666 3698 3699 3703 3715 3739 3745 3747 3751 3780 3791 3811 3832 3845 3847 3850 3853 3863 3865 3866 3883 3885 3891 3912 3919 3932 4171 4224 4227 4379 4398 4542 4759 4768 4773 4800 4847 4916 4927 4934 4995 5011 5132 5157 5201 5284 5309 5336 5357 5361 5376 5383 5422 5429 5435 5552 5580 5583 5615 5616 5624 5634 5671 5713 5758 5806 5838 5859 5886 5898 5899 5900 5907 5912 5955 5968 5969 5970 5982 5991 6051 6055 6068 6113 6154 6161 6168 6179 6209 6220 6226 6951 6957 6958 6963 6976 6980 6981 6983 6985 6986 6990 6991 6992 6993 6994 6998 7000 7001 7009 7010 7015 7018 7026 7037 7042 7044 7051 7055 7056 7057 7066 7188 7189 7190 7195 7242 7257 7271 7353 7355 8991 8992 8993 8996 8997 9082 9083 9086 9087 9088 9089 9092 9098 9099 9100 9103 9105 9108 9110 9111 
	}
	weather={
	}
}
