
strategic_region={
	id=110
	name="STRATEGICREGION_110"
	provinces={
		425 1269 1497 1685 2045 2153 2213 2479 2486 3245 3307 3351 3417 3430 3870 3886 8751 8752 8753 8754 8755 8756 8757 8758 8759 8760 8761 8762 8763 8764 8765 8766 8767 8768 8769 8770 8771 8772 8773 8774 8775 8776 8797 8798 8800 8801 8803 8805 8806 8807 8809 8812 8816 8817 8822 8823 8826 8828 8830 8832 8836 8837 8838 8840 8842 9112 9115 9116 9117 9118 9119 9121 9125 9126 9127 9128 9129 9130 9133 9134 9135 9136 9137 9138 12775 
	}
	weather={
	}
}
