
strategic_region={
	id=111
	name="STRATEGICREGION_111"
	provinces={
		524 1169 1553 1623 1735 1895 2420 2456 2519 2678 3023 3041 3230 3466 3494 3496 3831 3854 3875 3893 4212 4611 5266 5269 5585 5644 5774 5820 6239 6240 7027 8778 8779 8780 8781 8784 8785 8787 8788 8792 8794 8866 8868 8871 8875 8882 8887 8890 8891 8892 8895 8896 8897 8901 8903 8907 8911 8912 8915 8918 8919 8923 8924 8929 8935 8937 8941 8944 9007 9010 9011 9015 9016 9023 9026 9028 9029 9030 9031 9032 9033 9034 9036 9037 9046 9050 9075 9113 9114 9120 9122 9123 9124 9131 9132 12792 12793 
	}
	weather={
	}
}
