
strategic_region={
	id=115
	name="STRATEGICREGION_115"
	provinces={
		10 24 97 118 173 387 617 770 800 1185 1244 1301 1349 1486 1567 1575 1626 1687 1704 1750 1772 1785 1847 2017 2154 2241 2269 2315 2341 2379 2414 2457 2465 2501 2586 2713 2797 2818 2869 3015 3051 3074 3100 3108 3117 3202 3252 3257 3390 3404 3489 3769 3774 3776 3784 3789 3794 3812 3816 9012 9038 9039 9040 9041 9043 9045 9048 9052 9053 9054 9055 9056 9059 9060 9061 9063 9064 9065 9068 9070 9071 9072 9073 9076 9077 9078 9081 9090 9095 9096 9097 9102 
	}
	weather={
	}
}
