
strategic_region={
	id=120
	name="STRATEGICREGION_120"
	provinces={
		157 217 519 923 1048 1650 1688 1822 2081 2137 2285 2303 2521 2597 2677 2758 2963 3255 3377 3638 3648 3652 3655 3657 3661 3669 3678 3681 6945 14402 14403 14404 14405 14406 14407 14408 14409 14410 14411 14412 14413 14414 14415 14416 14417 14418 14431 14432 14433 14434 14435 14436 14437 14438 14439 14440 14441 14442 14443 14444 14445 14446 14447 14448 14449 14450 14769 14770 14771 14772 14867 14868 14869 14870 14871 14872 14873 14874 14875 14876 14877 14878 14879 14880 14881 14882 14883 14884 14885 14886 14887 14888 14889 14890 14950 14951 14952 14953 14954 14955 14956 14957 14958 14959 14960 14961 14962 14963 14964 14965 14966 14967 14968 14969 14970 14971 14972 14973 14974 14975 14976 14977 14978 14979 14980 14981 14982 14983 14984 14985 14986 14987 14988 15384 15385 15386 15387 15388 15389 15390 15391 15392 15393 15394 15606 15607 15608 15609 15610 15611 15620 15621 15622 15623 15624 15625 15626 15627 15628 15629 15630 15631 15632 15633 15634 
	}
	weather={
	}
}
