
strategic_region={
	id=122
	name="STRATEGICREGION_122"
	provinces={
		240 454 864 891 1177 1260 1515 1561 1583 1856 2072 2086 2223 2396 2559 2595 2669 2822 2854 3073 3106 3161 3232 3350 3360 3656 3670 3674 3676 3677 3689 3695 5867 6939 15335 15476 15487 15488 15489 15490 15491 15492 15493 15494 15495 15496 15497 15498 15499 15500 15501 15502 15503 15504 15506 15507 15508 15509 15510 15511 15512 15513 15514 15515 15516 15517 15518 15519 15520 15521 15522 15523 15524 15525 15526 15527 15528 15529 15732 15733 15734 15735 15736 15737 15738 15739 15740 15741 15742 15743 15744 15745 15746 15747 15748 15749 15750 15751 15752 15753 15754 15755 15757 15772 15773 15774 15777 15778 15779 15780 15781 15782 15783 15784 15785 15786 15787 15788 15789 15790 15791 15792 15793 15794 15795 15796 15797 15798 15799 15800 15801 15802 15803 15804 15805 15806 15807 15808 15809 15810 15811 15812 
	}
	weather={
	}
}
