
strategic_region={
	id=128
	name="STRATEGICREGION_128"
	provinces={
		61 430 819 904 1724 1906 1972 2251 2413 3267 3537 3543 3547 6848 11359 11360 11362 11363 15967 15968 15969 15970 15971 15972 15973 15974 15975 15976 15977 15978 15979 15980 15981 15982 15983 15984 15985 15986 15987 15988 15989 15990 15991 15992 15993 15994 15995 15996 15997 15998 15999 16000 16001 16002 16003 16004 16005 16006 16007 16008 16009 16010 16011 16012 16013 16014 16015 16016 16017 16018 16019 16020 16021 16022 16023 16024 16025 16079 
	}
	weather={
	}
}
