
strategic_region={
	id=18
	name="STRATEGICREGION_18"
	provinces={
		20 36 192 275 278 339 349 463 548 554 747 983 1077 1121 1180 1189 1271 1436 1558 1732 1739 1971 1979 1994 2260 2306 2376 2485 2757 2841 3214 3224 3427 3526 4160 4184 4203 4224 4272 4321 4330 4355 4359 4461 4522 4676 4742 4756 4766 4807 4809 4852 4853 4867 4682 4919 4957 4989 5011 5020 5045 5098 5103 5149 5157 5170 5179 5192 5202 5227 5248 5276 5287 5289 5326 5330 5339 5340 5343 5344 5362 5368 5371 5376 5393 5424 5488 5503 5506 5554 5559 5603 5604 5607 5618 5622 5642 5649 5666 5717 5756 5794 5796 5835 5860 5861 5890 5903 5906 5913 5915 5950 5962 5975 5990 5996 6039 6053 6098 6080 6100 6121 6135 6158 6160 6166 6173 6189 6192 6198 6200 6209 6224 6233 6237 6398 6438 6439 6442 6443 6450 6453 6457 6461 6464 6472 6476 6483 6485 6496 6500 6501 6509 6512 6514 6515 6525 6529 6532 6533 6541 6557 6564 6566 6594 6579 6586 6611 6646 6729 6736 6737 6739 6789 6831 6894 6928 6931 6933 6950 6980 7010 7186 7187 7189 7195 7197 7198 7199 7203 7205 7207 7209 7212 7215 7216 7218 7217 7221 7223 7224 7225 7233 7234 7235 7242 7245 7254 7257 7258 7260 7261 7263 7264 7271 7274 7275 7280 7281 7282 7284 7286 7287 7288 7289 7290 7292 7293 7294 7295 7297 7298 7299 7300 7301 7302 7305 7306 7308 7309 7310 7311 7312 7313 7321 7348 7349 7350 7351 7352 7353 7355 7358 7360 7362 7363 7366 7367 7370 7371 7373 7374 7375 7376 7377 7378 7380 7406 7405 7407 7410 7411 7412 7424 7426 18306 18307 18308 18309 18310 18311 18312 18313 18314 18315 18316 18317 18318 18319 18320 18321 18322 18323 18324 18325 18326 18327 18328 18329 18330 18331 18332 18333 18334 18335 18336 18337 18338 18339 18340 18341 18342 18343 18390 18391 18392 18393 18394 18395 18396 18397 18398 18399 18400 18401 18402 18403 18404 18405 18406 18407 18408 18409 18410 18411 18412 18413 18414 18415 18416 18417 18418 18419 18420 18421 18422 18423 18424 18425 18426 18427 18428 18429 18430 18431 18432 18433 18434 18435 18436 18437 18438 18439 18440 18441 18442 18443 18444 18445 18446 18447 18448 18449 18450 18451 18452 18453 18454 18455 18456 18457 18458 18459 18543 18544 18545 18546 18547 18548 18549 18550 18551 18552 18553 18554 18555 18556 18557 18558 18559 18560 18561 18562 18563 18564 18565 18566 18567 18568 18569 18570 18571 18572 18573 18574 18575 18576 18577 18578 18579 18580 18581 18582 18583 18584 18585 18586 18587 18588 18589 18590 18591 18592 18593
	}
	weather={
		period={
			between={ 0.0 30.0 }
			temperature={ -8.0 4.0 }
			no_phenomenon=0.400
			rain_light=0.100
			rain_heavy=0.050
			snow=0.400
			blizzard=0.100
			arctic_water=0.000
			mud=1.000
			sandstorm=0.000
			min_snow_level=0.000
		}
		period={
			between={ 0.1 27.1 }
			temperature={ -4.0 4.0 }
			no_phenomenon=0.400
			rain_light=0.100
			rain_heavy=0.050
			snow=0.400
			blizzard=0.100
			arctic_water=0.000
			mud=1.000
			sandstorm=0.000
			min_snow_level=0.000
		}
		period={
			between={ 0.2 30.2 }
			temperature={ 3.0 9.0 }
			no_phenomenon=0.400
			rain_light=0.350
			rain_heavy=0.100
			snow=0.250
			blizzard=0.050
			arctic_water=0.000
			mud=1.000
			sandstorm=0.000
			min_snow_level=0.000
		}
		period={
			between={ 0.3 29.3 }
			temperature={ 5.0 15.0 }
			no_phenomenon=0.400
			rain_light=0.350
			rain_heavy=0.100
			snow=0.100
			blizzard=0.000
			arctic_water=0.000
			mud=1.000
			sandstorm=0.000
			min_snow_level=0.000
		}
		period={
			between={ 0.4 30.4 }
			temperature={ 10.0 20.0 }
			no_phenomenon=0.400
			rain_light=0.350
			rain_heavy=0.100
			snow=0.000
			blizzard=0.000
			arctic_water=0.000
			mud=1.000
			sandstorm=0.000
			min_snow_level=0.000
		}
		period={
			between={ 0.5 29.5 }
			temperature={ 13.0 17.0 }
			no_phenomenon=0.500
			rain_light=0.350
			rain_heavy=0.100
			snow=0.000
			blizzard=0.000
			arctic_water=0.000
			mud=1.000
			sandstorm=0.000
			min_snow_level=0.000
		}
		period={
			between={ 0.6 30.6 }
			temperature={ 16.0 26.0 }
			no_phenomenon=0.600
			rain_light=0.350
			rain_heavy=0.100
			snow=0.000
			blizzard=0.000
			arctic_water=0.000
			mud=1.000
			sandstorm=0.000
			min_snow_level=0.000
		}
		period={
			between={ 0.7 30.7 }
			temperature={ 15.0 23.0 }
			no_phenomenon=0.600
			rain_light=0.350
			rain_heavy=0.100
			snow=0.000
			blizzard=0.000
			arctic_water=0.000
			mud=1.000
			sandstorm=0.000
			min_snow_level=0.000
		}
		period={
			between={ 0.8 29.8 }
			temperature={ 12.0 19.0 }
			no_phenomenon=0.500
			rain_light=0.300
			rain_heavy=0.200
			snow=0.000
			blizzard=0.000
			arctic_water=0.000
			mud=1.000
			sandstorm=0.000
			min_snow_level=0.000
		}
		period={
			between={ 0.9 30.9 }
			temperature={ 7.0 13.0 }
			no_phenomenon=0.400
			rain_light=0.300
			rain_heavy=0.100
			snow=0.100
			blizzard=0.000
			arctic_water=0.000
			mud=1.000
			sandstorm=0.000
			min_snow_level=0.000
		}
		period={
			between={ 0.10 29.10 }
			temperature={ 0.0 7.0 }
			no_phenomenon=0.400
			rain_light=0.150
			rain_heavy=0.050
			snow=0.350
			blizzard=0.050
			arctic_water=0.000
			mud=1.000
			sandstorm=0.000
			min_snow_level=0.000
		}
		period={
			between={ 0.11 30.11 }
			temperature={ -5.0 4.0 }
			no_phenomenon=0.400
			rain_light=0.100
			rain_heavy=0.050
			snow=0.400
			blizzard=0.100
			arctic_water=0.000
			mud=1.000
			sandstorm=0.000
			min_snow_level=0.000
		}
	}
}
