
strategic_region={
	id=39
	name="Eastern Metropolis"
	provinces={
		382 1523 2581 2867 2908 2966 3002 3147 3300 3304 3329 3354 3422 3515 4007 4012 4022 4028 4030 4033 4040 4046 4047 4048 4049 4056 7811 7812 7813 7814 7815 7816 7817 7818 7819 7820 7821 7822 7823 7824 7825 7826 7827 7870 7871 7872 7873 7874 7875 7876 7877 7878 7879 7880 7881 7882 7910 7911 7912 7913 7914 7915 7916 7917 7918 7919 7920 7921 7922 7923 7924 7925 7926 7927 7928 7929 7930 7931 7932 7933 7934 7935 7936 7937 7938 7939 7940 7941 7942 7943 7950 7951 7952 7953 7954 7955 7956 7957 7966 7967 7968 7969 7970 7971 7972 7973 7974 7975 
	}
	weather={
	}
}
