
strategic_region={
	id=40
	name="Oświęcim Basin"
	provinces={
		190 239 404 1814 1898 1968 2410 3456 4079 4080 4089 4093 4096 4940 5036 5086 5110 6032 6163 7114 7116 7118 7126 7828 7829 7830 7831 7832 7833 7834 7835 7836 7837 7838 7839 7840 7841 7842 7843 7844 7845 7846 7847 7848 7851 7852 7853 7854 8092 8093 8094 8095 8096 8097 8098 8099 8100 8101 8102 8103 8104 8105 8106 8107 8108 8109 10547 10548 10549 10550 10551 10552 10553 10554 10555 10556 10557 10558 10559 10560 10561 10562 10563 10564 10565 10566 10567 10568 10569 10570 10571 10572 10573 10574 10575 10576 10577 10578 
	}
	weather={
	}
}
