
strategic_region={
	id=42
	name="STRATEGICREGION_42"
	provinces={
		66 444 757 809 1544 1767 2145 2400 2460 2737 3171 3357 4055 4063 4074 4588 6108 7083 8201 8202 8203 8204 8205 8206 8207 8208 8209 8210 8211 8216 8217 8218 8219 8220 8221 8222 8223 8224 8225 8226 8227 8228 8229 8230 8231 8256 8257 8258 8259 8260 8261 8262 8263 8264 8265 8266 8267 8268 8269 8270 8271 8272 8273 8274 8275 8276 8277 8278 8279 8280 8281 8282 8283 8284 8285 8286 8287 8288 8289 8290 8291 8292 8293 8294 8295 8296 8297 8298 8299 8300 
	}
	weather={
	}
}
