
strategic_region={
	id=45
	name="STRATEGICREGION_45"
	provinces={
		428 1126 1457 1527 1643 1696 2010 2120 2491 2523 2528 2741 2747 2917 2990 3092 3204 4077 4100 4106 4108 4109 4111 5380 7113 10603 10604 10605 10606 10607 10608 10609 10610 10611 10612 10613 10614 10615 10616 10617 10618 10619 10620 10621 10622 10623 10624 10625 10626 10627 10628 10629 10630 10631 10632 10633 10634 10635 10636 10637 10638 10639 10640 10641 10642 10643 10644 10645 10646 10752 10753 10754 10755 10756 10757 10758 10759 10760 10761 10762 10763 10764 10765 10766 10767 10768 10769 10770 10771 10772 10773 10774 10775 10776 10777 10778 10779 10780 10781 10782 10783 10784 10785 10786 10787 10788 10789 10790 10791 10792 10793 10794 10795 10797 10798 10799 10800 10801 10802 10803 10804 10805 10820 10821 10822 10823 10824 10825 10826 10827 10828 10829 10830 10831 10832 11002 11003 11004 11005 11006 11007 11008 11009 11010 11011 11012 11013 11014 11015 11016 11329 
	}
	weather={
	}
}
