
strategic_region={
	id=57
	name="STRATEGICREGION_57"
	provinces={
		81 528 852 913 1425 1781 2807 2833 2879 3199 3516 3981 4018 5134 7099 7100 7404 8352 8355 9222 9223 9224 9225 9226 9227 9228 9229 9230 9231 9232 9233 9234 9235 9236 9237 9238 9239 9240 9241 9242 9243 9244 9245 9246 9247 9248 9257 9258 9259 9260 9261 9262 9517 9518 9519 9520 9521 9522 9523 9524 9525 9526 9527 9528 9529 9530 9531 9532 9533 9534 9535 9536 9537 9538 9539 9540 9541 9542 9543 9544 9545 9546 9547 9548 9549 9550 9551 9552 9553 9554 9555 9556 9557 9558 9559 9560 9561 
	}
	weather={
	}
}
