
strategic_region={
	id=60
	name="STRATEGICREGION_60"
	provinces={
		439 738 1009 1243 1362 1501 1568 1865 1934 1946 2317 2371 2428 2430 2480 2535 2561 2828 2936 3022 3197 3280 3916 3920 3933 3944 3963 6137 12705 12706 12707 12708 12709 12710 12711 12712 12713 12714 12715 12716 12717 12718 12719 12816 12822 12823 12824 12825 12826 12827 12828 12829 12830 12831 12832 12833 12851 12852 12853 12854 12855 12856 12857 12858 12859 12860 12861 12862 12863 12864 12865 12866 12867 12868 12869 12870 12871 12872 12873 12874 12875 12876 12877 12885 12886 12887 12888 12889 12890 12891 12892 12893 12894 12895 12896 12903 12904 12905 12907 12908 12909 12910 12917 12918 12944 
	}
	weather={
	}
}
