
strategic_region={
	id=63
	name="STRATEGICREGION_63"
	provinces={
		952 1570 2302 2471 2540 2547 2746 2944 3018 3045 3416 3897 3926 5029 5319 13105 13106 13107 13108 13109 13110 13111 13112 13113 13114 13115 13116 13117 13118 13119 13120 13121 13122 13123 13139 13140 13141 13142 13143 13144 13145 13146 13147 13148 13149 13150 13151 13152 13153 13154 13155 13156 13157 13158 13159 13160 13161 13162 13210 13211 13212 13213 13214 13215 13216 13217 13218 13219 13220 13221 13222 13223 13224 13225 13226 
	}
	weather={
	}
}
