
strategic_region={
	id=65
	name="STRATEGICREGION_65"
	provinces={
		12 150 910 961 1083 1265 1597 1609 1783 1850 2091 2105 2171 2193 2587 2596 2733 2926 2942 3235 3260 3308 3314 3365 3874 3884 3888 3895 3901 3923 4730 5215 7040 7043 7049 12679 12680 12681 12682 12683 12684 12685 12686 12756 12757 12758 12759 12760 12761 12762 12763 12764 12765 12766 12767 12768 12769 12770 12771 12772 12773 12774 12776 12777 12778 12779 12780 12781 12782 12783 12784 12785 12786 12787 12788 12789 12790 12791 12794 12795 12796 12797 12798 12799 12800 12801 12802 12813 12814 12898 12899 12900 12901 12902 12906 12911 12912 12913 12914 12915 12916 12919 12920 12921 12922 12923 12924 12925 12926 12927 12928 12929 12930 12931 12932 12933 12934 12935 12936 12937 12938 12939 12940 12941 12942 12943 12945 12947 12957 12988 12989 12990 12991 14468 14470 
	}
	weather={
	}
}
