
strategic_region={
	id=66
	name="STRATEGICREGION_66"
	provinces={
		403 880 939 1447 1854 1982 2031 3843 3855 3864 4625 5676 7019 7033 7034 12946 12948 12949 12950 12951 12952 12953 12954 12955 12956 12958 12959 12960 12961 12962 12963 12964 12965 12966 12967 12968 12969 12970 12971 12972 12973 12974 12975 12976 12977 12978 12979 12980 12981 12982 12983 12984 12985 12986 12987 12992 12993 12994 12995 12996 12997 12998 12999 13000 13001 13002 13003 13004 13005 13006 13007 13008 13009 13020 
	}
	weather={
	}
}
