
strategic_region={
	id=68
	name="STRATEGICREGION_68"
	provinces={
		124 222 393 435 826 849 902 1138 1343 1461 1976 2240 2271 2298 2389 2506 2658 2727 2940 3238 3755 3783 3786 3802 3804 3810 3827 4612 4712 5180 5935 5960 6021 6124 14858 16220 16222 16235 16251 16252 16253 16254 16255 16256 16257 16258 16259 16260 16261 16262 16263 16264 16265 16266 16267 16268 16270 16271 16272 16273 16274 16275 16276 16277 16293 16294 16295 16296 16297 16298 16299 16300 16301 16302 16303 16304 16305 16306 16307 16308 16309 16310 16311 16312 16313 16314 16315 16316 16317 16318 16319 16320 16326 16327 16328 16329 16331 16333 16334 16335 16336 16337 16338 16339 16340 16341 16342 16347 
	}
	weather={
	}
}
