
strategic_region={
	id=73
	name="STRATEGICREGION_73"
	provinces={
		44 848 942 1055 1319 1579 1671 1873 2567 2847 2852 2977 3128 3192 3212 3312 3364 3584 3597 3602 3604 3619 4168 4235 4413 4723 5374 5395 5562 5678 5682 5742 5816 6905 6907 6909 6911 6913 6915 6921 6926 6929 6932 6934 16026 16027 16028 16029 16030 16031 16032 16033 16034 16035 16036 16037 16038 16039 16040 16041 16042 16043 16044 16045 16046 16047 16048 16049 16050 16051 16052 16053 16054 16055 16056 16057 16058 16059 16060 16061 16062 16063 16064 16065 16066 16172 
	}
	weather={
	}
}
