
strategic_region={
	id=75
	name="STRATEGICREGION_75"
	provinces={
		79 281 726 918 1133 1401 1700 1780 1852 2062 2210 2256 2380 2466 2520 2840 2899 3062 3612 3631 3645 3651 5158 5295 5384 5830 5981 6948 6959 6960 14071 14072 14073 14074 14075 14076 14077 14078 14079 14080 14081 14090 14091 14092 14093 14094 14095 14096 14097 14098 14099 14100 14101 14102 14103 14104 14105 14106 14107 14108 14109 14110 14111 14112 14203 14204 14205 14206 14207 14208 14209 14210 14211 14212 14213 14214 14215 14216 14217 14218 14219 14220 14221 14222 14223 14224 14225 14226 14227 14228 14229 14230 15006 15007 15008 15010 15011 15012 15013 15014 15015 15016 15017 15018 15019 15020 15021 15022 15023 15024 15025 15026 15027 15028 15029 15030 15031 15032 15033 15034 15035 15036 15037 15038 15039 15040 15041 15042 15043 15044 15045 15047 
	}
	weather={
	}
}
