
strategic_region={
	id=84
	name="STRATEGICREGION_84"
	provinces={
		661 794 857 932 1033 1088 1156 1536 1554 2382 2431 2504 2570 2860 3189 3237 3274 3279 3289 3327 3948 3994 4002 4009 4013 4014 12369 12370 12371 12372 12373 12374 12375 12376 12377 12527 12528 12529 12530 12531 12532 12533 12534 12535 12536 12537 12538 12539 12540 12541 12542 12543 12544 12545 12546 12547 12548 12549 12550 12551 12561 12562 12563 12564 12565 12566 12567 12568 12569 12570 12571 12572 12573 12574 12575 12576 12577 12578 12579 12580 12581 12582 12583 12635 12636 12637 12639 12640 12641 12642 12643 12644 12645 12646 12647 12648 12649 12650 
	}
	weather={
	}
}
