
strategic_region={
	id=85
	name="STRATEGICREGION_85"
	provinces={
		249 630 1396 1484 1498 1713 1751 1808 1830 1877 1878 1902 1936 2009 2296 2439 2574 2698 2734 2740 2809 2845 3052 3114 3210 3321 3421 3449 3472 3934 3950 3958 3962 3972 3978 3982 4026 4821 4823 5778 5908 5984 6015 6079 6162 7078 7086 7122 7142 7152 12584 12585 12586 12587 12588 12589 12590 12591 12592 12593 12594 12595 12596 12597 12598 12599 12600 12601 12602 12603 12604 12605 12606 12607 12608 12609 12610 12611 12612 12613 12614 12615 12616 12617 12618 12619 12620 12621 12622 12623 12624 12625 12626 12627 12628 12629 12630 12631 12632 12633 12634 12638 
	}
	weather={
	}
}
