
strategic_region={
	id=97
	name="STRATEGICREGION_97"
	provinces={
		121 202 348 635 797 1031 1267 1279 1302 1530 1607 1759 1784 1813 1901 1933 1999 2211 2319 2601 2814 2816 2853 2880 2915 3056 3159 3170 3258 3299 3328 3393 3448 3798 3817 3820 3824 3837 3841 3846 3856 4506 5232 7045 13760 13761 13762 13763 13764 13765 13766 13767 13768 13769 13770 13771 13772 13773 13774 13775 13782 13783 13784 13785 13786 13789 13790 13791 13792 13793 13794 13795 13824 13825 13826 13827 13828 13829 13830 13831 13832 13833 13834 13835 13836 13837 13838 13839 13840 13841 13842 13843 13844 13845 13846 13848 13849 13850 13851 13852 13853 13854 13855 14053 14054 14055 14056 14057 14058 14059 14060 14061 14062 14063 14064 14065 14066 14563 14564 14565 14566 14567 14568 14569 14570 14571 14572 14573 14574 14575 14576 14577 14578 14579 14580 14581 14582 14583 14584 14585 14586 14587 14588 14589 14590 14591 14592 14593 14594 14595 14596 14597 14598 14599 14600 14601 14602 14603 14604 14605 14606 14607 14608 14609 14610 14611 14612 14613 14614 14615 14616 14617 14618 14619 14620 14621 14622 14623 14624 14625 14626 14627 14628 14629 14630 14631 14632 14633 14634 14635 14636 14637 14638 14639 14640 14641 14642 14643 14644 14645 14646 14647 14648 14649 14650 14651 14652 14653 14654 14655 14656 14657 14658 14659 14660 14661 14662 14663 14664 14665 14666 14667 14668 14669 14670 14671 14672 14673 14674 14675 14676 14677 14678 14679 14680 14681 14682 14683 14684 14685 14686 14687 14688 14689 14690 14691 14692 14693 14694 14695 14696 14697 14698 14699 14700 14701 14702 14703 14704 14705 14706 14707 14708 14709 14710 14711 14712 14713 14714 14715 14717 14718 14719 14720 14721 14722 14723 14724 14725 15005 15046 
	}
	weather={
	}
}
