
state={
	id=249
	name="STATE_249"

	history={
		owner = GER
		victory_points = {

		}
		add_core_of = GER
		buildings = {
			infrastructure = 8

		}

	}

	provinces={
		6 102 127 147 184 218 221 237 254 288 291 295 306 318 324 336 383 397 426 456 489 493 511 570 588 646 691 742 776 798 830 843 892 945 973 1005 1044 1057 1064 1069 1123 1124 1178 1230 1316 1369 1405 1578 1604 1618 1624 1676 1733 1801 1918 1950 2235 2294 2409 2441 2507 2616 2862 2958 2972 3020 3182 3229 3266 3337 3338 3493 3727 3779 3782 3792 3889 3910 3924 
	}
	manpower=4156990
	buildings_max_level_factor=1.000
	state_category=large_city
	local_supplies=0.000
}
