
state={
	id=370
	name="STATE_370"
	provinces={
		232 569 1905 2225 2289 2724 3024 3396 3501 3904 7461 7490 7491 7492 7493 7494 7495 7496 7497 7498 7499 7500 7501 7502 7503 7504 7505 7506 7507 7508 7509 7510 7511 7512 7513 7514 7515 7516 7517 7518 7519 7520 7521 7522 7523 7524 7525 7526 7527 7528 7529 7530 7531 7532 7533 7534 7535 7536 7537 7538 7539 7540 7541 7542 7543 7544 7545 7546 7547 7548 7549 7550 7551 7552 7553 7554 7555 7556 7557 7558 7560 7562
	}
	manpower = 87602   state_category = large_town
	buildings_max_level_factor=1.000
		history = {
		owner = ZHP
		victory_points = { 1905 15 }
		add_core_of = ZHP
	buildings = {
	infrastructure = 6
	industrial_complex = 2
	air_base = 3 }
	}
}
