
state={
	id=465
	name="STATE_465"
	provinces={
		9 27 43 48 64 76 82 105 116 128 149 199 258 280 302 303 326 333 337 343 344 372 416 418 424 471 502 512 537 541 577 625 660 692 708 727 743 748 752 758 775 777 802 815 837 845 878 881 883 928 937 976 979 1036 1061 1071 1087 1101 1139 1141 1154 1215 1219 1285 1296 1337 1340 1380 1392 1403 1413 1458 1471 1481 1504 1535 1560 1707 1731 1869 1871 1908 1937 1993 2095 2121 2138 2169 2239 2290 2327 2333 2345 2426 2437 2502 2618 2645 2653 2665 2709 2739 2823 2830 2861 2918 2929 2951 2983 3009 3044 3152 3244 3259 3319 3976 3977 4017 4021 4043 4072 4114 4131 4157 
	}
	manpower = 4643959   state_category = large_city
	buildings_max_level_factor=1.000
			history = {
		owner = UKR
		victory_points = { }
		add_core_of = UKR
	buildings = {
	infrastructure = 7
}
}
}
