state={
	id=99
	name="STATE_99"
	provinces={
		196 223 247 731 2360 2749 2779 3004 3102 3207 3600 3610 3613 3621 15303 15304 15305 15306 15307 15308 15309 15310 15311 15312 15313 15314 15315 15316 15317 15318 15319 15320 15321 15322 15323 15324 15325 15326 15327 15336 15337 15338 15339 15340 15341 15342 15343 15344 15345 15346 15347 15348 15349 15350 15351 15352 15353 15354 15355 15356 15357 15358 15359 15360 15361 15362 15363 15364 15365
	}
	manpower = 97600   state_category = large_town
	buildings_max_level_factor=1.000
	
							history={
		owner = KUJ
		victory_points = { 15303 20 }
		}
		buildings = {
			infrastructure = 6

		}
		add_core_of = KUJ
}
}
